-11249
7480
3168
3234
2244
-18414
19668
-23166
-6798
-28723
-24816
-12144
-16830
-19470
16236
-33270
-4290
-7920
-14642
26730
22472
924
-7826
-17424
-11220
16434
-3348
-22242
28644
-9098
22770
24486
-26004
-11352
25608
-16830
-25080
10353
15180
-14388
6930
25608
8023
-264
-22931
-13134
32163
-18150
5082
-10890
-1122
-31279
-20130
-13253
17358
11352
8778
2706
-1122
28974
29832
12210
5346
11154
15510
5412
29106
-7458
4554
6864
-9438
18282
-6336
6006
462
-15708
12408
30690
12144
-11748
16038
1716
-8910
-9042
-28512
26466
28248
14454
-5523
-5082
16170
33066
28644
-6590
16896
25080
-726
26004
-4423
10647
-22389
-24882
16236
8815
5478
-12936
-17980
13992
32472
7260
31284
3234
20328
33990
-1386
-12342
-3498
16368
26664
28776
26268
-20526
-13530
-14256
-16699
-8052
15246
24420
10890
-18678
24288
-15576
-27918
21252
3432
-6996
-24395
1254
25146
22044
17820
2074
-23560
25344
-20658
-15642
32274
-3102
12342
10362
15840
-10011
7788
-29250
21020
13860
1122
27522
33132
19403
6534
3438
6996
-27258
-31920
990
7854
-14256
-28590
14124
23034
-924
-21755
4026
1056
-9636
-32909
26994
24090
-26834
23232
-24816
26994
-18589
-8052
-19470
-24288
-18744
27060
-16500
-25350
28908
8976
17754
1650
-17128
726
27126
-24618
726
27786
24684
-18735
-25278
3159
9108
30030
-9768
-6257
-33394
32604
-3960
21384
-7524
25542
19206
26796
-21384
15180
27852
-23743
-3168
-15312
11946
-5223
17094
-9240
3102
17754
33198
-14250
-28248
-11304
-15642
2904
15906
-3762
5742
-17094
-24156
-69609
23892
13002
13794
-8976
27192
-26796
7062
28908
-16170
-28946
-6864
8184
2970
13002
8316
-19536
-14388
11550
19866
330
25608
-1650
28974
-9174
10911
-3234
5610
1914
29634
-21516
22506
3357
11946
-3234
-3102
-9108
18282
25476
12606
13266
2838
-30083
-18810
4388
-23486
-7326
16698
15906
21120
9504
7920
10918
12408
-27695
-36741
-23313
-25006
32340
22110
-17271
-26202
31350
33087
9438
21516
4356
-12474
-4885
-26994
15906
-23760
5638
-6270
16368
13992
-22044
19932
-8756
-17952
29832
-18018
990
41667
-6600
3321
-29256
-10692
-13134
2706
-34737
9702
-24156
30162
-36004
-33070
-21318
-441
1452
-18953
-16434
16236
25476
17886
-14586
31020
-7260
13266
-28248
18084
-18882
22836
9042
26730
-3113
14973
32076
10164
-14961
-17028
-21978
17292
10890
-4686
46419
-5478
32934
16764
26960
14690
-34364
-12870
-25824
23760
-10230
-10824
-23958
-6996
-9372
13364
33066
-26532
-1
-845
-9306
23034
-19206
-3300
14388
-18282
-25476
14718
-6666
-28161
-3762
-30508
-10098
25278
-7326
-19074
-4950
-20296
-28373
29634
-1452
-26200
-12936
11220
-16944
-3564
23298
-11418
12276
-1848
-24233
26796
20827
-20130
29700
22902
25014
11022
-1518
14124
-13860
25344
2706
24244
25212
-16302
19206
8712
-18480
18744
-25444
-8844
15576
23847
1848
-7458
-7590
25014
-3960
-19224
17424
4752
27258
19932
20922
10758
-31269
-5412
1914
-3432
19272
7590
10692
-12399
-25344
15642
-19602
-22110
-22572
-26400
396
18480
10362
26598
-6204
23232
-33000
26531
-32643
24486
7524
-18528
2310
-66
-11880
12408
-28233
27324
-22638
30360
20130
-23958
28710
924
-10494
33132
-21054
5022
-19998
28380
12606
4026
-12942
5280
29304
-30492
21393
-26113
-24618
-20141
8250
11352
29502
13794
2178
-19668
132
10692
-6270
-14454
26862
13464
1782
7128
-24420
21978
11748
-27060
7232
-20592
9702
-5148
-9834
-28842
4149
2442
792
-1452
-19602
26994
528
25014
18348
2046
5544
26268
28644
-5874
7590
-27433
-5676
12012
-15312
24420
-31040
11484
8316
-12662
10362
8382
-4731
-8778
-5809
25740
10692
26862
-27835
-10560
-4554
-12508
19998
396
-10230
-28344
14982
-24335
9768
24024
6534
12408
-18876
-23430
28182
4224
24156
-18018
-5142
-16566
-11946
13596
-18018
-255
-28314
14124
-14388
9240
-24925
-30360
27786
-1782
-2112
-25278
27324
-29106
-14168
-16080
12738
26730
5280
-26466
6270
18018
4818
33594
7656
32736
19998
7458
-5573
-30567
-25476
-2178
12804
-5412
18084
11286
-11946
-7722
19932
-29502
-19330
24750
-1386
27522
16764
23562
-1386
19734
-63801
-19008
-11814
14520
-21978
-6468
6270
-990
-6826
16038
29700
27852
13266
12804
9768
-16848
-24194
-5440
3762
8976
-28363
27126
1188
-25806
8315
-23892
22968
7920
27786
-18084
13002
-17424
-22968
-14916
-13728
-6534
4158
11625
29040
10098
13266
-14652
7326
15906
-19970
-16311
-858
-2046
-27446
14652
-9174
-4422
-25542
29898
20262
10956
20658
1914
-4950
4158
26202
-4554
-22823
-330
15774
21582
-23486
1386
-21231
1386
-31197
-5875
-8778
23430
-3828
11484
-2178
-8976
6072
13332
3696
-5016
6930
16764
26070
-9306
-23166
-19866
-12474
1716
-26671
-17754
25080
12144
6468
21186
12672
29172
-3102
-66
-5544
7260
-25389
3630
29502
-2772
-19998
13992
-11088
26004
-34246
17556
3630
-26199
-100
1122
1320
20790
-22651
13662
31680
-9636
4818
-7203
31123
198
13068
-15378
3564
-16962
-26202
12012
25278
-2046
-5248
-17226
17688
1292
31086
-33645
-9372
24090
12408
28050
-19117
-198
31020
-7392
-26085
22308
31878
792
22572
18414
23562
24684
-5874
13134
29502
-15708
7392
12870
19470
-26994
-27304
31548
-26928
-21450
2376
-18559
12276
-20772
-10692
-23298
-19470
-6006
21186
-3432
-6987
24354
26928
-25146
-6939
-4290
3200
-20526
-9504
-28169
30067
-198
-2376
20526
-462
15333
26400
-14993
22572
1386
-22110
-14718
-28551
-19083
32472
25476
30954
-30030
-11196
-18414
-30096
-10692
26070
27720
16038
11418
7128
16104
32208
21120
27456
-27201
30558
10824
-23232
16038
-11896
-9234
-24222
-27786
-18150
-5544
1848
26532
24618
13332
18744
10400
14322
28842
-27783
9768
4884
22638
18942
-13926
-6402
26004
-2282
-30624
-933
-2508
24882
-1122
32076
19866
-15038
-24090
16764
26928
-30303
24156
660
-6629
24750
11682
9768
-1650
-7337
15246
-4356
-9174
1650
-18810
23628
29304
-21252
2574
15444
10890
-5742
7194
-20394
25938
-10230
726
-11946
25872
22374
18216
-3712
-6204
-2442
14982
-6270
-10428
-19470
8778
11088
30162
-14652
29106
21054
-16434
-9438
4752
23430
-21054
-25731
-10032
-26730
-23958
3630
-3960
28578
-14784
18744
-27820
16434
-33330
5610
7590
5742
-7750
-23034
-32350
-16434
990
7260
26268
22638
4652
-23634
-23807
15246
-13332
-7656
-11418
-3036
21450
-22638
24684
1254
-14681
-18678
5412
21450
-6402
2046
-13266
26730
6204
-30746
20658
16368
10230
11946
-33330
-2112
27258
2838
9768
24750
14652
-29069
-1782
-26004
-12870
29304
4158
3432
-21384
-31405
-17848
30756
-21491
15180
-2046
1782
4752
27126
-15180
-17400
-7128
-6864
-21846
8976
10758
18084
-30554
-28107
7722
-26664
33198
9768
9372
-10890
-13926
24486
10824
14322
-1386
-1782
7458
4224
-32287
-20724
22572
8910
6138
6072
17886
19404
-28503
-8184
-5016
-10626
29370
-24864
21384
22770
-1716
15972
-16566
-1056
4356
22704
-26928
-14511
-17160
3849
17556
24354
12572
-24667
14586
-8514
-8844
1914
-198
13992
-11286
-27258
-462
-1518
-2442
12342
-29841
29568
24420
13266
-2442
8976
10890
-14718
-1980
-8976
-15246
-6534
-6732
28467
13794
17292
14916
-18414
-34442
-18354
-6204
-17330
31239
14982
-19008
-26908
20196
-33348
-16896
6402
-8646
-66
10296
6336
-25987
29766
22396
-2773
-15114
22675
-23826
-17160
6600
9966
-14586
2244
3564
-25321
7458
33924
27456
3102
-21912
-3894
7722
28446
28710
-29561
-5742
-22638
2574
13464
660
-35212
-13266
-19734
-26708
27456
-11874
20592
23628
-8316
4686
21846
24288
-19580
2904
17226
23364
-6270
25607
-14482
7854
20196
-23430
19734
1254
11022
-31049
23100
6072
-30162
-12210
-17226
-21582
-10494
16302
-18132
10956
29040
-12402
4422
23298
14718
-8778
-1452
6798
30228
-19008
15114
6336
-6270
20922
11616
21978
20526
-10032
-22902
11682
-18354
1056
27522
-9900
-20319
7281
21186
-17415
27918
-330
18084
27258
-17160
-9570
6270
23232
-9966
-8680
-14058
16852
-6909
32076
-27918
4290
-18423
-15444
66
3894
-29871
20592
-1320
-21120
-24323
20988
-13587
32472
32208
23496
-22298
-9966
-19734
-25032
3152
21186
14256
17958
-21215
-16830
21516
24222
-31681
-11418
-6402
19998
434
-5460
17424
28776
-20922
10032
14322
5544
-31275
-462
24684
14256
9108
-12936
-26981
-22902
-21582
-17688
-25878
-594
29502
-29003
13068
-34987
26004
-27060
-23694
15774
-11748
-6015
-12663
-6996
8910
-15125
2904
-462
27786
15444
-2310
924
-2838
-5380
21318
7590
30888
-8514
-3555
2310
-13134
6666
-16980
-6733
-16104
-6600
-24103
21450
-22498
20130
28050
-14850
-2442
8514
29832
5544
18942
29766
-29148
26400
-7833
-28022
18810
-30690
11835
-24552
-22704
-17886
3696
-5940
17886
-2640
25146
29502
-1254
-31934
13398
-6365
-16896
9438
33792
32340
-25146
-14364
-4686
11286
11050
-11550
-6930
3828
-14916
-8448
-23177
30822
23430
16104
23298
-7632
23496
23496
18084
15642
-5874
-3300
29700
-2734
-4026
14322
-33330
-66
871
6072
-594
-21978
8646
31086
24420
-23166
12804
9108
29898
-20659
3894
-17914
-7128
13662
-10080
29502
30294
23760
10428
8190
-1122
-26711
9570
-22044
10626
-26268
20658
23958
61863
7590
-29574
-9042
4817
-24750
-24659
-21600
-18546
-10230
-4818
12276
-11550
-7665
18678
-991
12012
4554
1518
-8250
18810
-27588
21252
-22374
17379
-264
18876
8184
31878
22242
2904
10230
-1056
16038
12276
25410
10560
-4356
22902
28512
-16017
-27918
12078
33198
23100
-10494
-280
11286
2376
26136
23760
-6066
6835
21120
2706
-25584
22110
-726
12804
19800
-27408
3234
29634
-24816
-2706
33594
-24556
-16566
9598
-27720
-30762
15840
18942
-7920
18018
-1782
2244
-15714
-25834
9570
8778
-14982
24882
3300
-25803
20196
3894
-7656
-21648
20988
-32538
16896
17292
24882
27390
25476
-396
-2178
-22260
19734
29106
8514
23892
-3102
-1782
-3762
12474
29964
-4224
32604
-11418
-22253
-3036
2310
-17028
-16104
18216
-18580
11418
198
24420
12078
17226
17094
-3829
8844
24552
-9494
-25465
-12424
-8844
-21297
-9438
10824
-5148
-27456
19668
13002
6798
26202
23628
14586
-14969
-1188
33132
-2508
14586
-9174
-28674
-15318
4158
-17472
17166
-29370
6204
-14784
-23232
29436
-33330
-5412
21092
22044
-20790
19734
-26268
528
2178
16500
20328
25872
-4092
-4422
-23958
16830
-17358
-12672
-2561
17622
-198
2310
-5808
-16566
6468
21714
9570
22902
-10032
24684
-31210
-1716
9174
-21186
-1452
-7524
-4290
3894
28182
28842
-19800
22176
30558
15180
-30228
-13541
-23892
-19602
8404
8976
22902
19140
-7371
-25740
9042
26004
21516
-17094
16764
8778
27852
-48225
-2508
9212
22836
-10362
26994
7392
27522
13134
-26727
3696
-29351
12672
-990
28314
31812
792
2640
-34694
14256
4290
32802
-20526
-25338
5280
-5853
-23034
13266
-16886
8712
-26334
28710
27390
31878
-1452
4422
2772
5676
25080
-13338
-13662
-7392
11880
23364
29502
-6380
-32868
-17028
30888
-16170
4083
-2772
-8712
-11154
11211
33066
13398
924
-18414
6072
31020
5280
21978
-64857
-34490
35859
25608
-14850
-6666
-5692
-16188
-25614
-24420
-13097
25938
23100
-6232
-3630
4686
22572
-32208
-21686
-22836
-1056
-17160
33264
-18216
2178
21075
-21978
20724
13398
31614
-13704
18084
27588
25542
11022
-28710
-66
-10098
-16830
-22506
27808
-34546
-29163
26994
4620
27786
1848
-20922
-15906
6864
7854
-11418
-13794
-22493
-9900
14982
-32534
-4488
8844
-4504
28182
19206
-27720
-30170
30228
-2574
19998
-26004
-21465
18678
20781
25608
132
23496
-10824
17556
-2112
10494
30954
21648
10362
6666
-6006
18678
-13200
33462
-18678
-28332
24354
8910
-14520
-29419
15378
1980
-12408
23166
-9900
-6798
26488
30096
-29953
16500
-19536
17358
-26598
14359
14124
2376
2244
18018
19206
-15840
3960
-16170
29040
-6315
28908
8580
13464
6864
-17622
-25212
16104
-14388
-13596
-16566
-34137
11352
20262
27720
-15378
22440
-24411
14784
-21384
-7194
-10296
5280
6666
-3168
-4108
27060
-28842
13332
4422
17094
16257
27032
24326
22242
22110
-8052
-13068
-26790
26202
20922
-3158
-20197
-8778
-8778
24024
-32440
-27456
7128
23760
1980
-22770
-1452
-18546
-6138
24024
6534
16566
-28179
22374
18546
17160
-21648
14124
12606
-18612
33660
14948
-14982
32472
26532
-6402
9966
-18210
28380
18282
29766
-66
-25608
-21450
-31680
594
18414
-24816
-4950
24684
-30162
21186
-7194
-18018
28050
-23524
-18546
-3675
-15906
5478
-28068
-23208
33858
-21428
31086
-20460
-6666
-16764
-15830
21780
-25674
-7590
-11022
21516
7590
18546
19536
10494
-19140
462
-25212
19932
-12474
5742
-3366
-27156
11022
3630
-5808
1716
11682
33528
33132
-20714
22704
-2706
24948
6468
25542
-7326
22836
20658
10296
-26703
-13398
-9174
19206
7854
6072
-24501
18942
-28224
-4818
3630
-1056
-19272
17622
28644
32274
23000
14454
13596
-11154
-5412
-24465
-1282
12738
20724
3894
-31032
-5940
-10296
-28446
-16962
-31380
23364
-21384
-7656
33330
23694
23760
-3102
-10824
23958
-16632
-23628
-6072
-16566
-17952
-35439
16566
19602
33198
-17283
11946
-24700
31680
-8439
18678
43515
-18612
11154
7524
7986
-19140
-27709
27258
4554
9504
-12540
-12012
-5346
-27324
-26664
10296
11682
-7524
26061
-16566
-11000
-29832
9438
4356
30096
14586
-8250
-25608
2888
-4620
-15972
5874
-5677
-33330
-2244
28182
-31653
33264
-27696
18810
21999
-66
-12936
-26526
-5148
-34326
6270
8514
4092
17622
-28110
26730
17688
-2970
-21582
-11748
28908
-4797
7392
-32868
17358
-25872
-24948
-32538
-21054
17301
-132
-9834
-8844
-2244
-4884
-18216
-10098
9966
10890
-18150
26268
3498
16472
-11616
3036
-31615
32010
-27688
6732
-18348
9504
-462
27126
-18084
-13068
-26406
2970
26532
-30437
5874
10230
10098
-10428
-13002
-54825
-14058
-27060
-6600
-20394
-4950
23628
-23034
15444
4171
-8778
9306
5082
5467
24420
-8448
19734
-2706
-28765
12342
-3102
-12606
-13926
-6006
-9174
-17321
21120
19800
10626
2310
0
-12474
-660
-16181
13398
-17213
22770
-16434
16236
4224
6468
27588
-29436
-29370
1914
29964
1122
25410
-18480
-21054
18678
-19734
-5465
28512
-30041
-12540
-17754
-19404
30624
18810
20196
20394
-7524
1320
-6336
-27974
-27449
-28939
-17996
26036
-31889
1159
915
-13662
13794
-24761
10296
-9504
-32237
23892
12672
-33462
1320
21846
14388
3168
-8383
-7194
12144
-7624
9636
11352
13662
3102
-3036
-1320
-13530
1056
27588
-3168
-29411
-29634
13134
33000
-6138
-15510
10824
17754
13662
20130
4356
-30096
-32121
27258
-3294
29964
15510
-11616
3585
-30679
19668
24948
2112
-4818
10098
-28411
19008
21441
-9768
2574
12474
-18942
6072
2970
22968
-6600
-20790
-18018
-19498
4752
21648
-22902
20724
-5742
21450
16830
10032
5148
-27177
-6138
9438
14586
31020
6864
-11286
13470
11352
-11550
-21252
-25674
-13002
24788
-33914
-19734
-1254
-11682
24750
22374
-8464
28380
25608
6534
-17556
-4686
23666
-21120
-6138
10956
-14058
-4950
25542
6204
33330
32208
25674
-23430
-34791
13794
26466
5082
-17688
7722
11748
29832
3432
-26903
-27990
-17754
-3744
19008
461
13134
-25674
-11418
20856
-31991
-8844
-15708
11880
9174
-26400
26598
25212
-21450
27412
-1956
-7181
-9570
32274
18150
23958
-24156
11748
-7722
5346
27984
3464
9636
-16902
-33066
32472
1320
-34084
21252
-22242
21054
23505
9966
-28974
-10950
-29425
16764
-2310
8844
6204
-21706
10230
-20262
18612
26070
52623
17490
-17952
3762
-17292
10956
6798
-12870
-20526
17952
-5940
-22091
31614
10824
14190
-22968
-21714
-19645
8571
1848
2492
13002
21780
19206
29898
11814
198
-19998
-12540
14740
10692
-14454
21884
-858
66
29436
24684
18282
-25806
-23562
20658
24222
-8118
-1364
10268
8118
-26806
-27918
27390
-20988
-21054
858
9042
-24001
17688
-5214
28380
-4620
20988
3068
12342
-12021
20658
-3828
-11814
-27463
-4951
23034
22176
17820
32010
-726
32274
29172
-14851
6600
13294
24618
32208
7788
32868
6006
-19794
17160
9372
-1188
-27456
-6006
8646
28446
-22874
-15642
7194
-3894
25938
-9834
11484
6270
-30731
22374
-3432
-27984
-1386
5346
23760
23298
27852
-28050
-26598
-27959
5148
13728
-28050
17886
3234
18942
-18810
-20466
19206
-6006
-32766
-8250
11154
14586
2772
16434
9570
19470
12672
8646
-4818
-660
-2574
16962
-23892
14454
11088
-23441
-1980
30595
-1810
12936
17424
-11616
19206
-16302
-25410
31218
-20241
-32963
24750
-11832
-13926
12936
26664
6138
7128
29700
-8316
-594
27720
4554
12738
33660
24486
26796
29106
26796
-30350
-13728
26004
-20164
14049
14322
1220
462
10560
-16236
792
-21252
-132
-1056
27720
-25652
7647
21186
-21846
29040
8448
-7326
-34590
-29502
-15660
29436
-13926
12672
-24618
-8448
6204
-858
2178
-19602
9504
-25674
12936
13332
-15642
-28235
2772
24684
-9504
25938
-2772
-18414
5346
18876
-24750
13134
-18612
-30030
-8712
32604
-10098
-23232
9702
32010
22110
4488
8646
3960
-5346
7524
-1848
-13464
-990
-15972
-726
13200
5610
28908
11418
30294
-594
-18018
-24900
-12012
-10022
-12783
-3498
23496
-16698
4916
-12276
5808
2046
-21978
-18216
16302
-4224
-22902
8910
29634
-8448
1518
0
28116
-7062
46947
14718
9834
12870
22110
-924
4949
-11748
-3609
-594
3168
-13596
-12936
3102
-19008
21450
5840
10956
-17028
22110
-7722
-34821
28314
-21318
33792
-11748
-24684
18678
-25080
1254
-5214
-8316
-28387
25212
11022
13794
17952
-5148
-3498
6855
-4356
-11220
27258
-14256
-18753
-10818
-33403
-27662
9966
-16500
1254
-21252
21450
-11220
14454
9702
28512
-9900
13464
-20526
726
-10428
-30336
-16698
-32498
30030
-29696
14718
-1584
-5742
26532
9503
17226
20020
20922
7788
-19420
-11352
11418
14586
11418
-25344
27324
5610
-21450
-22176
-25146
-15039
4092
-18882
27192
6270
-3234
-7722
4846
-30002
27588
-23883
-594
8052
-13267
-66
13794
13266
-24822
-3234
21912
28644
10032
27559
16368
4224
7128
22176
-25637
-24222
-25747
25542
-3903
22968
-21252
-1980
3894
21846
18150
7556
12512
-28050
-26477
19470
33528
2441
-5214
25080
10824
4950
7326
29964
-27522
-32896
7062
4488
28644
-2310
20460
990
24222
-3102
11191
-27852
33528
6600
-11793
26004
-21516
17556
-6138
-16567
-12606
-1518
3630
30228
6930
-18414
17754
-8250
30096
26202
-20274
12408
28314
-4884
22676
-8514
-30705
-20394
11286
18348
-66441
-12144
-8712
593
-858
49323
-6204
-25014
-6732
-32863
-28634
5940
3168
-10560
-11088
13595
-7986
7194
-67
9042
14124
-12276
-19140
20658
-5489
4092
28314
-20579
-18942
-24486
32208
-17622
22506
18084
-10890
-11946
-17308
-24139
4686
-3828
-46905
24222
-9702
-3828
-19008
-21516
-792
27720
-7194
396
-31787
-28752
14784
23694
-2376
-23958
32604
19272
24420
24523
25212
26400
27852
-8052
32604
-20328
19800
-32677
28578
-12134
-29890
-66
-26202
17622
-3630
20988
13794
13266
17886
-3960
28446
-8250
-24638
3300
-4356
-20988
32142
11880
18942
14454
4686
-6204
19404
28182
26136
198
8184
28710
2442
32736
-16302
-15312
12936
-3564
-25080
-19668
9702
21516
-25344
23166
21648
26598
1122
-18018
-24346
21390
-30578
10362
-21846
-23958
27720
22044
-11814
-29898
11418
-27424
4686
-31642
17490
-18474
-15642
-26786
-11154
12210
-19008
-10296
-18084
-17268
-7788
12540
18847
-8448
-23500
-3894
-9713
-17868
-29898
-16170
27126
1254
2112
24420
-27060
13926
23892
-25119
25080
-15444
29700
-23166
28380
12144
24452
4026
19536
20526
18678
-20130
28116
-14784
-1650
-5610
-3960
25146
2376
-35949
-37532
726
28710
-20460
-2838
-1980
31086
6270
4224
13727
-11022
-17358
-17635
-21912
-29738
15840
-3989
-14784
5082
1452
24948
23402
8382
-9306
14256
66
-10626
-23219
-26834
25344
-12342
-16000
-8118
-7194
25938
-2574
-15444
26664
32340
10890
-3564
-12172
-26570
21186
-24882
23364
-13332
28204
21648
-27786
-36499
11154
-16104
-27144
13463
-2112
-18612
-31259
22044
13257
6732
-19404
16368
32604
15510
25938
-6798
2640
3168
-9702
4488
-27182
14058
24552
33198
-30460
13530
-19938
7722
9525
-13530
21186
6336
5478
12804
-12540
-16764
30162
29568
31482
3102
-11154
22242
12408
-26070
9438
10626
14190
19338
-25014
27720
29634
9372
28512
14718
-6402
27522
-22353
11220
-28446
-32538
20865
21252
-1254
1650
30426
13794
5742
-28446
26334
-28380
25278
28578
-11880
-24520
-8646
22440
7788
11748
28182
8586
-11814
15246
29172
4223
3960
-23248
17424
-5412
5808
9108
16302
-33919
21978
-7920
-24807
-28314
-5478
-198
-28570
29568
-14388
-6138
25828
-4422
-13200
48399
3300
16368
-8382
-30624
-16384
5733
23562
27786
-28766
20658
-13200
2112
19602
-19074
-19470
-15378
-32063
5280
-3936
-8118
23496
-27382
3960
-17094
17490
21186
13662
29106
14784
13464
-25950
25674
-30360
14388
6138
26664
8486
15840
17622
-19206
-17160
19470
25476
-9098
13002
-13926
-33473
-8382
-16764
13464
7986
31746
26466
-9042
-31523
-3103
33330
6006
-5346
11286
-23562
-23712
-18112
31812
26532
-330
1782
-14454
-22251
26636
9768
-25428
-15114
10956
-23525
-10248
-22790
30624
-11616
7656
32736
-17424
-23271
-12849
-17754
-3168
40743
14529
-7986
14190
-10758
-11616
-8778
-4464
-30228
26004
-17160
-7194
-18018
32010
6606
3300
15510
5412
-6402
-10758
26136
-4158
22572
14718
-28776
24816
-25553
18678
12012
20922
17160
-13068
-6666
-31797
-2238
-13795
14520
-27588
-6402
12078
31218
-14454
23253
-15576
11946
4488
5874
-23496
-11286
-26742
-18480
-4224
-6990
-9702
-12540
29568
16500
-1373
15708
-37588
28182
4356
-29634
26466
-8976
-28846
29502
8118
-12615
26796
-9570
27390
18810
-22836
12540
24552
-26640
22638
-15917
15453
3366
-34959
-24156
-17424
-14059
2640
-23835
1848
-30273
17622
-25014
8646
30162
-30677
-4347
22374
-30513
-330
-12672
26994
22242
-27456
-19206
30624
23760
-12804
-10814
32472
23166
-25938
17226
-19338
-18810
24420
23694
14322
-4752
-11616
10494
24948
-5148
7062
16632
20064
-35189
-17754
-4818
33528
-7590
-13134
1848
17292
12474
-21186
-29106
11946
-6996
10795
-28492
-21912
23892
-9306
34011
-5412
24948
-21648
24618
-20130
-10758
-6798
-16896
26070
2244
-5082
-28144
25806
-9636
11352
6789
-15906
-17820
-17226
-12012
-18432
-25476
12870
12314
6468
1650
-24195
-9240
-66
3168
32010
30315
20394
-30492
-19734
-3432
31548
-18018
-23728
3630
-2904
-6138
25806
-8778
20790
26004
3366
-10164
11418
-2310
-198
29106
264
-21846
-30624
21648
-17886
-33077
-23153
8118
-8712
16434
25617
2046
-1056
31812
21251
-20196
-14850
-23728
-20328
-22308
11550
18216
30162
8454
25212
30096
-17754
39555
16500
-867
25806
13002
-30756
22044
-3894
15774
-12210
29370
21054
-2772
6402
19074
13653
30624
-12804
4818
-10956
6468
-21654
8976
-7458
-26994
2178
5874
30756
4884
10251
-24420
7062
28182
27390
-9637
-19470
-22044
14454
-31361
24618
-23343
29964
9768
-15086
-8118
-22945
28710
12936
4752
20592
29832
-15114
-7788
9372
4290
-21855
-594
11022
-1914
17622
11748
14586
-18480
-3102
13926
4950
-15840
8976
22044
-4818
3907
24684
29634
-30687
-23892
-13794
-6402
4554
24024
18216
-10840
-20460
23072
15048
-21912
-8382
18678
5544
2574
-1650
29700
13068
-20508
-25146
-28248
16434
13728
3102
1122
19998
-8184
-12804
-31036
-20730
-2112
4224
4224
-14454
3894
-1793
14454
-21846
-32478
4488
10296
-30988
8712
7656
16830
-924
198
-12276
15576
1848
-726
-22656
-25080
-7326
14124
1782
-26136
11022
24684
26862
29106
21318
-10230
1848
18744
43911
-594
-528
26268
31218
26928
-25806
-2244
11154
6864
-29404
10824
-20777
-22110
17358
21648
-5346
21450
-23364
-29217
18612
23034
16764
-9834
-26994
-19800
13398
24882
-22374
-10758
24552
23892
29634
25542
23826
21120
-23364
-22044
-12012
924
-858
28050
1254
-29646
18876
-2508
-29106
-27390
19734
4290
23100
-30135
17820
23496
-1056
26532
-18602
-31791
-4686
18546
32406
28248
2640
8712
-26400
22044
11022
16764
17094
1848
25014
18612
14454
-4224
3432
31680
-18216
-24684
-26268
-12474
14850
-23232
32274
31746
-11022
-20856
7854
23496
-330
-8250
-20724
-26730
-29172
13068
7194
-28380
-9900
8778
-19074
18546
-8646
23534
3036
-19998
9834
15972
-18216
-19658
-12738
3828
-21919
24552
-792
2574
-15972
-15642
-10098
792
17424
-9570
26796
4290
27390
-27446
24618
-5610
-15840
-12276
16038
-6732
-12804
-10758
-30467
20592
2508
24552
22506
-5148
-14736
11550
9966
-14454
-19922
-14718
9438
21384
-17754
26136
4488
-22314
-20865
10626
-31812
-8193
-18960
-14652
-5610
-594
-21450
5214
-30002
29766
-15708
-2640
-7524
-8250
14718
-4356
7326
-18018
-15917
-2970
25410
27522
25938
5214
30624
29634
2508
4576
20394
22440
1319
-14058
-20592
-10230
17330
924
28710
14124
-19948
-3477
17820
-18150
2046
-11220
29634
-6336
17528
-23034
23892
13002
12870
-10550
-1914
22317
-5346
-20196
-4290
-29652
-24948
5940
-29971
5610
29370
16509
-24354
-8184
5676
-3366
-10692
6270
29436
-1452
29568
2376
25806
21582
-25410
26730
-18942
-28258
-15492
-1914
-17820
24156
-25188
25938
858
14388
747
-14256
-25938
-990
-14463
10956
14520
23496
10494
5478
13860
6336
-31799
9900
-30438
-12210
-28815
18282
6996
11286
23694
-10824
24771
-12211
-5676
27654
30228
18810
30822
17424
19404
21780
10494
-19668
34935
8382
9570
-12408
-7816
30360
31284
-18480
10560
14916
-30831
5676
-10956
26334
6138
-6468
33000
-14130
-19932
3705
-17754
6402
4818
-15840
25014
5346
-16830
-27550
30558
1927
-16831
3652
10419
-19338
-2838
-8581
-24468
16566
-22572
-25685
14652
-32783
25542
18414
7398
-23232
11616
31218
-13002
23562
-726
-3856
23792
31680
-7239
4290
10230
-13794
-26609
17292
-4092
-16830
-25746
27654
6336
9108
-14454
11220
8778
11946
-25608
17358
-5742
13398
3630
26730
-7326
15774
25080
-4092
22704
25146
-1980
11352
-7788
40479
8712
27324
-25331
-8580
5814
-24082
12606
-25847
7392
4752
20526
5931
30030
-33534
17490
6798
-16170
3036
-20032
20790
7920
3498
-20196
-33176
22807
3630
26598
31152
9834
-14454
17160
-2442
9372
-25730
8250
-18612
15378
1914
-11814
-29766
-23760
-2046
14718
29040
14850
9174
-8382
17160
6138
-13332
24750
7854
17490
14454
-27258
3102
-22440
24024
-9966
-66
5335
-7382
132
15510
10296
-15114
-7524
20592
15840
-9900
29106
31548
-10560
-10230
31614
2442
7590
-25872
21912
29436
-7788
-28518
27720
-27362
-12936
-3564
-4092
18348
-20328
-22739
-2640
28116
-5544
-5941
-16236
21714
19206
32934
4905
2244
-2046
-1518
20460
-22308
-5610
8382
-2244
-7524
-8646
-13728
20658
12078
32934
-7788
26862
-40569
-22572
-4488
12342
990
-2102
7986
-22968
-21912
2382
18678
30888
-14982
26466
23694
17622
-12078
-24240
-7656
-8250
4026
16698
-17622
12936
32340
14190
18678
6864
4818
24288
-7128
-9768
15246
8205
9240
1386
-53241
-12804
-10956
15048
-18678
21846
32142
18810
25080
-17490
4620
26202
-25372
12936
26400
-8911
-25344
-5060
18282
-21978
132
-7392
-28512
-22262
-16698
-23496
24288
4290
-6072
-2178
-9438
29832
-32975
19008
-19980
8250
-21391
6632
4686
-15708
-13068
-32962
-21252
-4686
16434
-16830
10098
1914
-18414
11946
-14124
-9702
19602
14454
-18018
19734
220
-26136
-28513
-18414
24090
-34122
29436
17754
28710
-18810
23628
-18414
131
-16104
19074
25938
-28396
19602
-18496
11682
16368
33990
22440
32142
29238
-29202
13530
16236
22836
-26637
13209
-34914
20856
-26918
-5902
1320
22110
-19206
-3036
26136
-6304
-18078
-21846
-5610
-26268
-8316
24024
-21214
14124
-19404
15906
-15453
-23496
17358
-30228
24090
14454
-7440
-21120
30888
16500
-28719
12417
0
-3564
-3498
21450
1848
5911
32208
17490
-29279
13464
-28560
-2376
-20753
26004
-14520
6996
-25438
10032
11880
6600
13502
-6864
5676
6
-27984
14256
7005
-9834
-9438
-6864
2508
20658
15180
22968
25014
22836
15114
13794
26136
18216
-31808
-22743
-3309
4026
-32256
-1650
26532
-30351
14388
8580
-13266
6006
6138
-22638
4092
-5280
6732
-6864
-12540
24222
-23430
-15906
-5025
9117
3966
23826
8646
33066
-23837
31152
-11211
-13266
-32114
16928
32538
-13134
10098
5214
33132
3696
15510
-462
16368
22279
8844
13596
-10560
12738
-7722
10779
-28891
25014
19272
-25344
21120
24420
3102
-4224
5543
2376
2376
-22788
-31764
-1241
31614
9240
-2838
924
-10692
-6072
-24146
4818
-8712
10428
2046
-25189
-13812
10560
14652
-16764
3234
-5280
4818
-27705
-16962
7194
2244
3630
-10419
23430
-22440
21384
16170
2046
5478
21714
25014
-14322
18678
-29020
6335
-9834
3894
-17358
-24596
5235
22638
26400
-792
24882
-11022
-7392
-24759
-12756
25476
-30324
-18942
-18084
12078
-13719
6930
4026
14982
5016
-24938
-3476
-32266
9504
-21450
-990
5874
19734
-17358
-24731
12870
-13013
1848
33396
7920
2178
-7788
20394
7920
17028
-7685
7590
-2640
13068
13860
-11088
14394
-23694
-27720
-27054
-24986
14916
-18821
-8910
20592
-808
29106
18546
13794
15972
-25422
-27126
22572
-6336
-13850
-11484
-1518
-3366
2772
1584
16500
29568
-2508
18150
-25740
-11286
25806
-8646
27060
-8910
-9966
-26862
-17622
4422
33132
-12672
25938
-22170
11484
16764
-10032
21978
-2904
-17345
20328
-22547
-2178
-6732
14718
28710
20658
22461
-24954
21912
12342
-13332
21846
-19536
-13982
26107
-7128
19998
-4554
7524
-2838
29964
-26183
18216
24090
20790
17688
-1122
29700
-34955
-5742
24750
18584
-132
16962
858
-22044
13398
14156
15774
22902
-11418
-17886
-7524
-783
-19877
-14850
-25164
-11550
2772
5346
-25542
-28248
-5082
-32802
-18150
1452
22242
-27522
-1050
-22535
21318
18612
-16406
-8278
21054
12078
-9900
-17424
-24618
25146
-31950
-8222
-528
-20724
-22836
-5676
26862
-22044
-1980
19674
24618
-7987
33330
22440
-33009
-4752
594
18348
-13002
-11616
-6204
18414
31416
-26014
23760
-990
-1217
-32538
-8514
26268
8250
2838
13684
6336
25344
32472
21582
9042
27060
4026
29106
-4950
-31312
-15246
-9768
-32457
-5412
-17160
24882
-21331
-2640
12144
-6063
23694
-22650
-22836
21120
30756
14784
-28619
15576
-22889
-11220
-8910
-16934
13860
-17094
-5346
-3844
-22619
-11814
27852
21472
16830
-32878
-20526
-18810
-11022
-19674
12738
22792
726
594
25344
-23892
26796
-24684
1518
23628
22440
22374
25608
23232
11352
17952
-13530
7590
-23062
-6600
17424
-15576
11352
31020
10032
-3300
29634
-3036
30888
-21978
-18678
-21786
26202
23496
-10296
11088
-19932
-4950
990
29172
4884
14322
2772
4818
27456
-10164
-5874
-15834
4840
-7326
-28776
-20064
-29304
14256
-10626
16566
19734
-15567
18678
-22110
29502
-24354
-7788
26796
-20714
-7062
24590
24750
-24090
-19602
6402
-2706
-990
-12414
1650
28644
6336
2046
990
-22044
23166
-5082
-15054
-29474
-3762
30030
28248
-11616
15114
-25043
-29489
-30731
11550
32802
-24421
198
-8712
-19017
-2810
25344
-4488
26136
-22625
-32263
14322
10296
-5214
20262
-14784
-30655
-14520
-24156
-21228
10428
-5069
-33792
-21252
-3905
-16226
14124
-11154
15378
28248
-7590
-14058
3366
-34204
-30126
-17105
-21442
-10476
16698
29370
-18810
-21857
-264
-26334
17820
19272
5095
15444
528
15576
16368
10890
29832
9900
-24750
792
6402
20460
24948
-7062
16896
12710
21186
-26232
-10956
26994
4318
6600
-14916
20592
-32593
33367
5478
-31290
-7986
22572
396
-31876
29304
33528
-30064
31086
-14322
-1716
-23365
-330
18282
20658
12210
-3762
-4356
17622
19668
26400
8156
25740
-6840
-24486
11616
30162
11220
-26917
32076
22638
-19338
-5346
-19734
16076
4554
29634
14388
10428
6336
9306
11484
-26994
19074
-14850
22242
15510
23166
-20130
-20856
13794
10202
27390
8382
29766
-14642
-7590
-11022
-21582
-25410
1518
4884
-22506
-8118
7882
-2574
-23892
11418
17886
28446
-27485
-10890
-26693
10296
5280
-16104
-27540
-20394
-30932
-2904
8448
-13596
-1452
-22440
18018
-11490
13266
-28111
11352
-13596
-5016
26664
-13728
5016
-20988
9174
-15576
30096
-16698
26928
-13068
8580
-6138
-14658
-26532
12276
-10362
-20262
-1518
-10776
4950
22374
19668
-30347
66
-28182
25146
5148
528
-28854
-13860
528
-4158
-1320
-33756
2332
29436
-9966
-25212
-5412
5676
-18574
13860
16500
-22695
32010
11484
13266
21120
45363
11418
-19998
132
12738
24288
14190
-10626
-30749
8580
21384
18678
-17028
-3366
4422
-29838
22147
-12408
-594
19272
18612
7524
-29268
-8382
14982
18105
726
-19470
27588
-23298
-9570
-4648
-27984
-15642
-23034
-19074
16953
30954
16170
24156
-7326
32076
-24750
22374
27786
-21780
-17519
28248
16764
-26274
-30426
-4290
-18046
-13992
21714
453
-8118
-20592
-4818
-24090
22902
18018
21026
30624
-12078
-16368
-27098
-14718
33594
4752
-17358
3828
8514
19998
20988
-29993
-6534
19206
21450
19668
-22110
-6798
-66
-10296
7194
-6732
-10972
-3960
-4101
-3696
25640
-26611
-3696
-6798
26664
-21714
16962
25344
22242
18942
-26387
9042
8844
4686
15048
-20254
-22572
15510
5016
14124
-396
-16830
26004
-490
25608
24640
-4488
13794
22176
-6534
32934
18150
3366
14520
24684
-8976
-20130
7788
-24750
-5742
13662
-2178
23166
2376
4818
-24410
-10956
14454
-28314
5676
3535
-11880
-3084
26268
-19404
-2178
1386
5412
7656
-4422
10560
-12210
23166
1914
26466
-14388
9636
18942
13134
28842
16170
-13992
-8910
27163
9504
-32662
18084
-858
-19380
12012
6996
-33045
-19668
-2178
-34462
-17094
11409
-24420
-27192
11022
-20064
-6138
-11286
3630
-23496
7920
-4224
-56409
19734
-17622
14190
792
32538
9768
29436
13266
31218
-26368
29128
22836
32142
-33330
-12276
5346
-29289
-28578
33726
20526
-24354
15318
18216
16698
-33255
-19470
4686
22638
-15510
-34288
-4482
7794
26598
1254
1122
-7788
-12738
-21978
22572
22968
9174
0
-17424
-34252
-51657
-24684
6204
4752
32868
-10890
29238
14916
-23144
-27146
19272
3762
-24156
-20988
21978
25740
-19875
2838
23232
-21780
-9174
-24629
-8184
-2574
27258
-31030
264
-26079
3234
23430
-24486
-26400
-528
11550
-13134
-19620
18964
-10494
-8316
-9108
-31422
5808
-12342
19800
-1348
-21696
-29238
23364
21450
-12474
26070
-23100
-35405
5214
-24882
3828
-2046
-25542
28182
-30533
-660
-17886
7722
-28842
-26142
-23364
33000
-19263
11616
17490
-18216
-1320
33066
-12870
-21642
17908
19272
16896
-22287
22704
21054
28908
25212
-4620
9108
-19470
-15774
27060
1650
11550
-26796
21516
6006
-924
32142
-264
9306
5214
-25275
25542
-6402
19602
-12078
28116
-28446
30822
32802
11418
-19998
-25259
-9627
-24219
21714
-25542
-24156
9372
198
66
17358
-10428
-5940
-16434
2310
33330
27324
25476
30052
15906
-6138
14850
26862
23826
-26070
-13266
-27472
3168
33396
858
-24420
19602
-13464
12936
29898
-11418
8976
22308
15642
30492
-18744
25344
-5808
-22374
-9966
8712
12738
14388
15972
-15114
-23364
17688
25278
-17640
-25694
-2706
21120
38631
-22975
2442
-17358
-16038
10296
-3498
2376
-26202
-13530
-28380
7722
-23166
11088
-30475
-10932
-34122
8118
30030
-12936
21252
-2536
26466
-20064
-10494
20724
-29304
-16330
23430
-9636
-18892
-2244
-7326
32670
-10692
-29267
28050
20658
33264
-1782
-26929
-10164
26796
-9966
8505
-21846
-12408
-25910
-25410
4686
-3168
8382
-30884
-6402
22572
31878
-8778
31746
2838
-1156
10098
-12540
528
27258
-20658
-16198
22308
-28578
-330
-19620
6204
-18678
11880
-15444
8712
1386
-7986
17292
22770
2904
-2640
-19131
20328
-10098
14586
21978
20460
28710
879
-12078
5412
-4554
11550
-20790
26400
-3102
9372
-7590
3630
-24742
23496
24354
5148
5742
-7540
-33712
4092
-14058
-32289
3234
17028
-11154
19074
-23694
2574
19008
-22638
-1254
-25146
2310
27258
26796
6930
24288
-13548
-10758
25608
29436
10296
-18084
12276
12738
22440
-198
6666
-29979
16896
-25476
25806
-19206
9702
-28050
-9174
-7722
13794
-20922
20460
-792
-27060
2310
-20394
13596
27258
57243
-8608
31746
-32624
-6732
-22468
11022
25278
30426
-29238
-2244
-15510
-2047
31218
26598
-27401
-2310
-15840
3762
17424
-29700
-10737
30162
17094
-4479
1254
-26466
-3828
18678
1555
24420
-17622
25938
12738
22374
-23958
-12276
-10098
-8844
-8382
5016
-31222
19140
18546
-3749
27654
-924
-19470
25410
30228
24816
5940
13794
-22050
7231
-24222
-28446
29172
7590
-24684
-9702
2046
-5610
17754
-9636
29502
28776
26598
31284
21186
-1254
25212
-22295
7354
-32330
-2046
-30294
-12012
24816
-23939
2876
4884
-13926
33132
6006
-34200
19602
-5676
-9108
-22176
30162
-8448
23562
-21423
-17679
22308
15048
21450
-28706
16104
-27522
17160
10428
-11748
-27804
10296
-7194
31218
23241
31350
66
-19140
6996
-16509
-7525
-1122
-10604
-28842
-2046
30690
-13860
15708
-20262
-8014
9724
25542
21648
4290
10164
23694
3299
-6930
14124
-12870
-5610
2376
-18942
-1386
29832
7986
16896
-16830
7590
19206
-4686
-23999
19008
-14388
8184
8514
29238
31482
-13530
12078
-4884
13398
-21318
5082
4526
-6930
29436
-22447
16566
-7458
-7722
22968
23562
-27462
-12662
-8778
14784
6534
19140
12606
-24288
-5280
16434
31152
-24354
-20658
-26400
7194
-5535
-6270
2244
2904
27918
24156
5676
17622
-26896
18414
13926
-3300
7392
-29016
7194
-12516
-2772
-22770
11154
14982
-19932
-2442
-16764
14718
4158
31548
-7392
4620
-33330
-8580
12540
-17826
32340
-9117
4356
-13326
29898
30294
-13673
2046
-37083
66
-24616
-17556
-17898
9327
13662
-22308
7920
-2640
-35498
20922
19857
-1365
12429
10692
5016
32142
-20592
21120
-13002
-5082
-30366
-2442
29172
13662
12342
19470
16698
-28390
-17386
29634
-26967
-18348
-24791
-1782
-330
-25624
-1914
20658
-29916
-5214
27720
-3564
3960
-27104
27126
10692
462
-15482
-17556
-15708
22506
20526
2706
-660
12804
-17754
27654
31350
-1518
22308
-20344
7326
-45585
22572
-9768
29436
17754
-9174
0
17556
-16500
-396
8250
-18150
30492
-12276
-26467
-57993
7128
-34614
-15378
-26796
22968
-14718
20724
-16368
16698
5742
-34056
-33915
-8449
13068
-11023
-20592
21516
-594
2838
-14322
-21978
594
-21253
-10626
-9834
26070
19206
-29134
-16038
29304
-14586
-12738
-23958
-9504
5280
-21748
28842
11220
15906
21648
29172
-10758
23298
5544
8118
-8580
-29480
26796
8580
7062
29436
12276
25146
-21329
13794
33066
-9570
-28632
7194
18876
367
-34122
-17292
-14058
-32736
24090
-1321
-20856
21318
21120
-20460
21714
-2141
-5148
-17094
-8174
28248
2046
6424
8118
-20130
-24341
23826
15114
-4554
5610
25806
9042
-20394
27588
-31746
-18885
16038
-16170
18414
5280
-28576
-25998
-16698
21186
25014
29766
-8052
-28122
17754
-17490
-10164
-11748
24090
-15246
-28380
-20592
18810
25806
-34261
26928
-9372
32472
-3630
-4290
-17665
-20460
7458
18348
-8778
2772
-4488
-9966
2046
18744
-23430
-10758
23298
-3102
15444
30690
31350
-6006
2508
-32920
-30207
3432
-15280
22572
-27918
3300
-13068
25014
19338
-20027
9966
-19932
12078
16830
-19668
-3102
15444
12474
-27237
25344
-21582
-11220
-4686
24684
-16758
-11220
15840
528
-10418
31548
16896
-19383
27390
-6006
-13634
6732
3498
-5346
16830
-21978
-3762
20394
23892
10890
-19611
-19536
23166
-11814
-32465
-8043
29634
19800
14783
9240
7722
28842
12474
15774
9768
21582
-15224
-7392
-16566
-13398
5808
-12842
-22044
6666
-15048
-4026
-33218
18942
12144
-19866
-7986
14586
18882
-3540
13926
5016
13134
32076
29106
-8020
-33348
6864
12408
-11220
29766
-9042
24882
25674
-18678
3168
-19734
-25080
8982
-6270
7128
3564
-17820
-12012
-20526
1518
-8712
-14878
-32286
-13464
-6468
-11154
-1122
-12672
19602
-27324
3960
-1518
3828
11220
-16215
3828
21516
29040
-20544
19734
19404
-4488
21120
-28842
-29370
10428
9504
7259
9966
-14916
14850
-8778
-17403
16434
26598
-23760
-28480
31812
2983
-31885
16368
3828
1914
15708
1509
-30965
-13200
-15576
-18876
12540
-29172
28776
17424
-19074
9042
18480
198
-17754
14718
28776
32076
6534
5610
13992
-6072
-10362
-198
26928
-16566
33066
-20724
-23364
20724
-30162
2772
7722
5367
9108
-20592
-792
23628
29238
12276
-9797
14388
-34232
5082
-1886
24090
26796
-1848
12342
2574
23562
27720
-330
26862
-20790
16698
-26928
-17754
-34458
8250
-4324
12106
14388
26070
32604
1077
-26802
24552
1386
9306
17358
-3300
24420
24816
3366
-15186
-17103
29502
9636
8910
7194
29964
-13002
11154
-12144
-4356
8382
31651
4290
-28447
-18414
-22638
-16302
12606
23562
5632
17028
-7722
3102
17094
16698
-4818
26136
23694
28974
-16754
15642
-11682
20856
-3432
-25806
17688
32868
4893
1540
-8250
-15906
-14100
-8042
16170
20394
11088
-1122
-16500
-15180
17490
-6666
2178
10758
-17754
17622
-10032
21450
-31696
13134
3564
-33855
-30856
-20412
-8250
18414
8052
13992
-20592
5874
24156
27192
-13926
5412
-26466
-16632
-10683
10956
24816
-14917
-1584
1386
-2112
-29568
9108
-17160
-7722
-15840
-1848
20196
-18876
-13662
-33006
5082
11550
-33330
31284
-8448
4950
14124
-23945
-23034
30822
-3366
27192
-6072
-25806
29304
4290
-18546
6270
13002
5610
-19734
-264
-21054
-30162
-7656
-23238
-14232
26136
4422
-6468
-66
14058
20196
-13464
24090
5874
16170
5742
10626
594
17181
-3432
1914
-19512
-17160
-23496
25608
-18876
-27330
26334
20856
5647
-11286
26664
-20963
9174
9900
-17107
17688
-3630
7581
10956
4224
4422
-8118
11550
5808
-16698
-16452
-8757
22506
-1637
-3366
7656
-30228
22176
-18744
-12474
12078
33066
29964
9174
-4356
858
-6799
27192
-14916
-15906
-10956
25278
-25055
-19074
528
-14124
-33341
13464
11682
26664
6600
-3036
-2970
24288
-11484
-25212
-28248
-33792
-15076
22704
28116
13728
-14322
-24420
11154
19140
-9156
-10126
23364
6138
3366
-15444
-16490
-19248
-6458
24090
19821
29898
26240
-15048
23892
11814
23637
-10296
-26306
-13145
-15576
-17952
23892
27588
5676
11154
-3432
5544
-29500
-16500
-25319
3696
-24882
-7854
1650
-3696
-2376
-26136
-28908
10833
-7590
-10626
-21912
16368
13332
-19768
-20658
-2524
31020
27126
285
-19536
12342
20592
30954
-1122
31284
66
15972
7986
4158
5016
23034
32406
-18744
-13134
12606
-18161
21450
-20328
9768
14850
7788
16302
32340
23760
11682
-5478
-23409
-528
21318
-20526
-10098
-14272
1188
7920
31812
25674
-8127
23958
11946
-4620
22176
-24090
24552
13134
3036
-5082
15114
25608
14982
23826
-8976
30360
-5412
10494
-1725
-2574
8052
22440
8910
-19206
19668
4686
1122
-33132
-28842
-6006
-18414
-32076
31548
20526
4708
-14859
-22638
26202
-15274
22110
5384
8778
17886
16236
24816
7392
10362
10494
21846
726
25608
8712
-5116
-19800
-17490
5478
18414
2470
-25715
11022
28710
-21676
23496
17877
16698
3960
13068
-8976
-19602
12870
-16170
27456
-6996
6798
25579
-18338
9042
31944
7986
32736
1452
31614
-3168
-29446
32472
2150
-13662
7326
4818
-24737
16236
18876
-26410
-19998
-6402
11946
792
26994
31152
-23090
1590
6930
21318
-198
-9202
32076
-14454
-22308
-14058
-660
32076
-20262
-31391
3168
31086
25872
14256
-14436
-23826
3366
-5534
11748
15180
-21450
-27918
-33474
-31447
8712
1386
5346
6864
-14652
-5139
-18678
-11297
-31469
-21978
-17292
-11946
-20403
4884
23364
17555
22968
22836
3332
14388
4158
5544
-10164
13530
-23574
-18406
17820
26004
14190
-21318
10296
-16302
-9438
23694
-10692
-2009
5478
19932
11814
-572
18546
22902
8514
13860
-25597
-15566
13200
26899
-18819
-5874
-15576
-27431
2508
2244
31878
-3498
3630
-12672
-24288
10428
-33999
-2442
12672
15906
-20130
-20130
-9784
24420
18876
-6996
-16990
-23958
-18018
2178
19866
4686
29106
-14850
-17499
27390
28248
-28842
-24897
-27626
-1848
-726
-20064
-20394
33198
15906
2442
24222
2565
-7656
-17160
23496
-14246
-30096
29275
22638
-11352
-11682
-33237
-9504
4158
17226
-4884
7062
-4092
22770
-8184
3168
29700
-22770
9966
-23892
20526
18810
-22836
16236
-14388
-32236
12276
-27905
19932
858
24816
11616
-17226
-32010
7920
11418
-30042
18546
-11814
-32516
1386
-17622
11484
-792
-6864
6072
25542
-1254
-22977
-4290
-16038
18084
-18876
15972
15510
31482
-10362
23034
18810
24345
-4554
25146
-6468
-27352
19998
6204
9372
-11050
7194
-24618
-9604
-20422
1386
-4752
19074
17226
19272
-1188
17160
-23034
19932
-6468
-21252
-1584
-26400
16075
7127
21582
16764
24420
-5388
28644
20922
-19734
33132
11088
23731
0
-21996
-19630
-34763
-24948
18942
25014
-6138
-21648
2574
10758
21978
11022
-8382
-12540
27588
-12144
-5148
-2970
-13596
33132
-17688
-32285
-13530
22374
17226
-18282
-26862
-7458
14784
15906
-24030
2838
24222
24552
23034
1782
22242
9636
24684
-26070
1188
-14718
-1320
1518
27060
2112
16698
5544
7458
-15774
-22446
14784
14916
4290
-26712
17886
-3696
8052
12342
2112
-23034
-7788
8580
7722
-12144
26136
-9372
4752
21978
8976
-30058
-21780
5148
-29008
-425
28116
-29304
-29630
-9702
-2046
15642
26202
1320
-12672
13200
27786
-10956
-31671
5478
24948
11946
-12342
-23958
2046
-26400
24354
-23846
-5808
-16434
14718
-396
7128
-10193
-14256
-26004
13860
18810
-8741
-22110
13134
-21120
26004
15642
-22902
25183
-11814
20922
-10428
13332
8316
30690
-21462
-17688
20877
1320
24816
-8910
-23307
33132
-24948
12540
-4026
-22138
-31218
23628
5478
54075
-10956
20130
-12804
990
21780
20262
30558
-9916
-11946
8052
-25729
14520
25872
-28710
-28050
3894
0
-25476
5007
1188
13530
7562
7662
-6996
17556
-18282
16698
-2244
-32732
-9504
19998
-24366
10494
-32407
5148
23364
-3564
-10164
27786
-1056
24288
-3300
14718
1452
22242
-12012
-10155
26619
-14058
17226
-6723
-28221
-31363
2706
4752
-24133
-14850
-23958
-25583
-25027
2772
26598
19404
17820
29964
6996
-3300
25740
32934
14586
22440
-5214
-25674
-17160
-10560
-18744
-21582
-264
-15906
-10660
22110
-12794
7128
23034
10494
4290
-23034
16368
26862
24288
-26236
-13728
-15708
4752
14454
-2838
5995
-19602
12738
-30072
-16039
-13464
2310
11088
-17094
-25595
-2310
-4884
8118
-20856
-8316
31680
-6204
-24561
6534
-12342
5610
-14124
22440
5203
-22704
1650
25278
19074
-2508
-16170
-330
15708
22374
-7788
-6930
-20791
6864
-2112
-28084
-4092
-16302
6072
-19404
24552
6072
-34926
-21252
-24240
6798
-22152
17292
-4554
5940
9438
-20196
-24948
21120
28974
25938
23364
13530
-20058
-8580
2118
26928
30162
-11418
14718
23628
18282
25146
5779
-24912
22704
-11814
5478
-3234
-23364
3234
-24618
-22968
15840
-20847
25344
3300
-25683
528
-24486
-8448
-20819
11352
-26004
3366
24486
-12210
-22431
6798
17028
990
26466
-33110
3168
-11484
14586
-14124
-33647
11748
-2376
-17166
4629
-28985
-28
31680
5478
-15840
15972
-4950
-22572
-11537
30492
-8844
-1914
19272
20790
6798
-5916
-13662
11484
5676
-11220
-23166
198
-2442
11814
20394
-23430
594
-22242
17952
-264
3828
-28974
6666
-7062
1584
31152
27390
-11286
26004
-7986
-1188
8844
24156
12804
9174
27060
3432
12759
26400
32736
16631
-18150
32274
-24090
-15312
-32331
-16962
5874
-21054
25146
29040
-14850
14586
29436
19272
-2310
-2838
-12276
26862
3366
11946
9768
24320
19800
-17226
-12221
24156
-21318
-19668
-25146
-1254
13106
-49545
-8778
9042
-8556
-30096
23826
-25014
6638
10164
28182
16538
29898
-5346
19998
18612
-3300
-6666
31812
31812
-19206
-16500
22044
25410
19903
21714
-9306
29106
-18074
-13744
-29964
-24194
20262
31944
14916
-660
29370
8910
-198
7926
11622
-23694
-4884
10758
-32642
-27126
12870
-11682
22836
-24968
-30897
10362
123
-29145
-19404
-17754
20856
-27696
3696
-12012
-15570
-26994
-24618
-11352
-4356
-11154
-11220
16764
21978
1375
660
-32117
6600
-15378
-15774
-726
1320
25740
-8596
20394
46287
32076
17952
4675
4950
11682
46815
-23666
-26918
-462
12276
19470
12408
-20560
-27577
16236
4356
-7436
-1320
26202
26598
3960
-12188
-12210
27465
25872
8322
-6864
396
15972
-1914
25740
17292
-10626
-28739
17820
28578
30294
-29634
6072
-4092
-3696
-18546
-3895
31218
1980
6600
17160
-9768
28974
28974
18546
19998
-23562
19941
23430
-29304
7722
-16949
7590
-4158
11220
4039
9702
9834
-29957
-10560
-23178
18876
2479
31680
2442
26202
-9702
3234
12957
21450
-5214
31680
15642
-15642
4686
26862
-25798
23298
24750
15796
30294
17160
-3234
9372
10428
11719
10692
6600
9966
-13860
-28116
5227
-8382
-10769
-5808
13485
-32698
-3894
-26787
17358
15114
-4620
19800
29304
-27368
-8486
6930
-19140
-14916
13794
-13112
-16236
16368
12540
-20526
-9768
2046
13662
13530
9240
-18612
28578
-13662
23430
28710
5544
-27710
-16302
24618
26202
3696
-3036
6006
-8382
-1452
21384
-16320
2376
17556
-9306
2376
-50073
5808
10494
5280
31086
-7128
-29536
-21318
22044
32604
-23496
18150
23034
-22630
-14916
29766
-1827
23562
-3828
5478
5016
12738
6798
-3762
3366
-21978
-5214
14256
26730
-6072
9702
28512
-13662
-13134
-11880
16566
14850
-19734
-10466
26466
-24024
7326
32934
-12540
2838
-61161
4752
-8580
27456
-1519
8910
-33518
27192
13134
28974
20922
18810
28512
32472
-17952
21009
10626
4158
-25166
-29502
24420
-26136
32010
-16416
26466
17028
-20130
-13248
-22638
-6930
-19584
12232
13464
33858
21384
6534
22374
31812
-4356
-33994
29700
18084
-30530
198
-7590
-27632
13134
4422
-19800
11484
-14850
15378
-19272
22968
-4875
-18943
5478
-31592
-3894
-13860
-5214
-24156
-29898
11814
-18678
20526
6006
28578
8052
23034
-9876
23958
20526
22044
10532
27456
31944
28776
-19046
32824
19998
-10428
-3564
-9768
12144
-31128
-12634
15642
-17139
-12078
24816
-20460
2376
1716
-24294
21516
19470
-10824
-16764
19866
-27126
-21120
-24237
-23590
-20526
-30822
-16575
4950
21120
7260
15246
28380
19932
-1122
12408
23562
-9570
-28714
24948
-26730
-10890
3915
-32538
23496
-32061
-10230
3696
-25402
-15906
24024
-20862
-9438
-5412
26598
990
-13266
-16368
-22704
-1716
-12134
-11946
-21780
-12936
4950
14520
20196
30426
20130
-6600
-11776
-12936
33198
-34142
27522
18216
-17490
-19074
2970
2310
-24014
30294
7458
-21714
3102
-20064
31812
2310
-31152
-13134
-1971
-11748
-30826
30426
-7656
-25350
-13464
-15218
-14058
9099
29172
-31569
-15180
-30702
20526
-17490
25080
20064
-6930
-24090
-23892
-3366
2376
-5478
-8184
-1452
25212
10230
-5478
23166
27654
4092
2178
-24948
9966
1011
8844
32010
-17820
11814
-16500
-19185
-21516
-6138
9306
31284
30228
-1650
-2112
-17424
-1035
12804
-660
22902
17292
18876
18810
-21054
-1716
9504
-27740
10560
-24288
12606
21318
-25212
-21846
-14850
25872
-10098
-8250
-27167
19404
-34122
12342
-29238
-17226
19338
21969
-20009
10559
4290
-20790
-17358
-23100
8646
-8514
8403
-7236
-5346
-26313
-16038
12474
22374
13266
31548
-7392
9438
-12360
-12078
-23747
26862
59751
28710
8316
-1839
11154
9174
16698
-6468
2970
5676
20196
30624
8910
-30882
-26840
9668
33132
-24882
-5412
-22309
28710
6600
26004
-1980
-1584
11616
0
24486
-31129
-15180
-2273
-18325
11616
24288
24090
7656
11022
1254
3432
22044
1848
3762
11880
-21239
30690
3828
-4554
-10965
-21450
23760
28314
29766
32868
7260
4554
16830
-20903
-15737
-12342
-6138
-3960
-11154
10428
25674
32802
15510
31350
-9306
-7458
8844
6006
-26870
14520
12342
11286
-28682
27786
-21136
-9306
-16302
-11088
-2244
15444
26400
-18678
10956
-1320
-2178
15246
11748
7128
-22974
-26481
2706
14520
-32186
7854
-24024
4422
-5214
-23818
-28650
14058
3102
-27091
3498
-13348
-132
-30668
-16566
-23544
-10164
8844
33132
12012
-14520
11154
-2046
24354
10230
25542
8250
-23100
-20291
9966
-23912
9438
-29728
-4224
5082
-29370
-1518
17160
19008
20130
13068
32472
2970
-12408
-14587
-4092
17028
7788
10098
-26730
-15288
16764
-11946
27984
-16764
60807
-15246
-20658
29634
-33969
396
32802
-10428
-18942
7128
32802
-2970
-3168
17094
3564
-25278
660
858
-29294
-1386
-10362
-4253
-9768
-21318
31218
-2772
-25740
15972
28710
-34493
14520
-3366
2508
-25806
10296
-9438
16038
-28314
28182
-33660
16962
32736
-23958
29370
24354
-14058
2244
24156
21714
10692
19140
-3686
-726
-27711
-20988
8580
-30306
-24143
-19074
28380
27324
7194
-24090
19668
-2706
24750
13134
6996
-24822
9240
-11352
-10956
24948
-26862
25872
7062
-15642
11748
22770
24354
-11814
7524
-17292
-6930
-11946
-32620
16830
-13662
6138
15048
-30216
-33858
17952
-7920
-20262
-13002
25137
44967
-31686
-22968
21714
24288
19436
-16765
-4394
-3102
-11088
-26243
-23166
27984
-11478
-16566
11286
-1386
5016
-19998
-26136
29502
27258
-35499
-19919
8316
4356
17292
12672
13200
28512
-26004
-20041
5412
11352
-5676
18744
-25133
19338
14982
14652
6270
-9108
32406
-17556
25080
-4686
-27579
-11286
-2508
-15444
-8910
-15114
19338
-19602
14607
-16170
24222
-5016
10032
-15708
16764
-12144
-11485
1782
-1716
2244
10136
32868
-10560
10098
-17424
-20394
-20790
31086
12210
-22902
-26220
-7854
17688
-22836
-25344
-22572
-21054
24156
17688
7392
22902
-2772
-28293
-21252
-9400
-12408
18282
15708
25740
-12342
-22224
-5808
18876
-7260
-29280
14652
16455
5412
-726
22902
-21252
-19169
-9306
-29964
1452
-18216
-26928
-13722
-1386
19932
31284
9174
-28512
-16302
26070
11682
31482
2178
30954
13398
-25806
10383
-3159
-22506
-33622
2970
-10428
-8580
-5544
-9410
7128
20592
-32874
-21186
22902
10032
-24750
25872
-4554
24288
3020
9306
-18678
20988
13162
-3894
-5139
-14916
-34122
22374
9834
-29304
-14191
13266
-25014
28974
6138
-5214
8844
20526
29832
-18866
-18546
1518
-3564
25674
21516
11484
-5280
4752
-660
6798
660
33396
-4686
-28578
15444
-25591
2838
-10758
-3366
7986
-13905
8448
20151
-5412
-16302
-6732
20064
30228
-6336
-16802
-2310
-17688
-17594
3497
16896
-23628
7524
7854
27918
-16359
23232
2574
-3762
-6402
-16707
-31059
-32021
29766
20988
-14454
14784
-4950
16434
23958
28248
-29589
-24156
-16830
-8250
-11880
12144
-1056
11484
14586
27060
2375
-26730
-31878
-17226
-12078
-3345
27984
25740
11616
26589
-2970
-1518
-31331
21582
-25344
14718
9900
14388
-17424
-185
31086
5676
17588
-27522
6534
-3960
-396
11154
-3696
12144
22968
-1263
28974
-19056
-28897
24552
3091
-27784
-14256
-12936
-30292
23892
-24288
-16434
31218
7392
18150
32406
26334
-2904
19602
7392
11088
-20988
32010
4950
29700
13596
-27929
9306
-7128
15246
-13200
-13464
-10494
-25440
30426
15642
528
13398
20460
-29695
21714
22506
11351
-21780
-27786
-924
-16435
-22713
-7854
-21780
16500
-4026
-20296
18876
-33153
462
-27126
26334
5478
1980
-15783
-4026
11126
-16038
24486
-11286
10824
12408
-1650
23232
-4026
9570
14124
-22308
1254
9306
-21880
-13134
31812
7788
25014
1254
-4422
33066
-20092
25872
-8514
5214
23694
-27984
-26654
13200
31020
12210
24165
12870
11022
-18678
27060
-14454
31218
-14322
-32331
-4350
12671
25212
30030
18084
32406
-11946
-29103
-13002
-10098
-22506
8514
11814
22440
-28776
-4092
19866
32406
4620
28314
8712
-9306
16698
-20856
-12474
-17952
-31478
-34122
-12210
-25014
-396
-8844
-16170
15708
5148
24288
-2517
14124
20790
19074
16566
16104
26730
34122
11154
16506
-19938
27060
17358
22902
19932
24354
924
10032
-26994
17490
-14322
51699
-18546
5544
21054
20790
-21375
16632
7099
6534
22638
-7024
8448
-28237
-26730
14058
-3630
9966
-28644
20460
-17556
-31764
-18876
23826
4620
2970
-7128
3702
-8184
27852
-16896
-34122
-28116
-34811
11550
23430
26664
27852
-11484
21054
4356
-19470
26136
-10626
-26062
3894
42591
-13200
10164
-4752
20724
15444
14850
29106
23892
-29040
18282
-2212
-25476
16896
-11220
-4422
-11616
-14124
12012
-264
15642
66
-21846
-3102
27456
29634
-20956
-5808
-4818
-16170
-16452
14784
-26466
-13332
-10418
21450
53943
13332
-7392
-12144
-20011
19866
-462
19932
3102
18480
-22588
15378
11286
-26891
-1188
24486
-2244
-17535
8910
-14190
9966
-29046
7788
4422
9702
-18744
-26532
-27167
-1650
28182
12012
-7722
12012
8910
29106
7391
-12804
-2245
3734
25806
21846
16236
9042
32538
23562
-24426
4620
2574
23232
24024
23100
-34122
-1914
-26390
15642
-13200
30030
-25327
-5280
-3036
-29947
-18678
9636
20394
3057
-28314
32604
-18414
8976
19206
-11214
32934
33330
5412
24023
2574
-23855
-5544
20658
-11418
30954
11880
21450
-11484
1650
11946
-22242
3960
8118
20658
-4422
-15180
-7788
11154
-6864
-28994
-7063
-35088
6468
20196
17952
-5346
-27391
25806
28512
-15642
-9306
-17028
4422
22902
18282
10560
5082
27258
33396
22902
23760
12738
16830
-17160
-1336
-23628
-21846
21912
-31757
-4026
19338
-21186
1980
-20026
3366
-15510
29304
-32162
-17688
2178
-14861
-16896
24948
1584
4855
15246
-3168
-20262
-26928
5280
9592
8184
16368
-15114
-6930
-28707
21548
19536
-27991
6468
25476
-19734
-3065
29436
19734
-22417
8118
6402
-19998
-2574
-11286
26598
-13200
-198
-20658
17424
20988
-3432
9966
20394
30492
24741
13464
9570
12870
3300
17424
-16038
-13266
26928
14454
-3366
-30683
-3432
32274
-22374
-4158
1782
-12408
26796
16368
32010
9702
32010
-12474
-18942
24552
24552
3564
-11390
12342
30096
14124
1122
-24750
22836
11880
-31890
16830
30558
12342
-19878
31086
12012
22148
-24163
23468
24024
-16830
-15510
19008
-25608
15972
-2310
7392
8118
-27852
-3894
1650
-3300
29577
-32246
24420
-22506
12144
20922
-12475
-3526
21054
-20790
32274
28248
-13069
3828
29502
-21329
-13605
1012
18480
12672
-8178
-15114
26730
-13728
-20262
8778
12606
-1518
-12738
8448
-9051
-22638
-13836
2904
-8184
-20466
-15576
31746
4620
-8118
-528
-18546
26541
-23490
-32616
4818
19470
28974
-17688
-15048
23232
-30965
6336
4686
33396
23034
21450
-198
-1584
5016
24288
22638
29964
16368
8646
-26296
-16280
11022
-2310
25080
27984
6864
6270
19734
-29281
-32868
9570
-34029
-4950
-16098
-1254
-13106
5016
28446
-12342
-3762
-17226
-8580
2838
21978
-12342
-23860
-26334
-11616
-17990
-25542
-24251
25212
-5940
-34094
16962
-25872
-9627
1188
4422
-3828
-20130
-32538
-15592
27126
-7260
58695
1650
8514
29106
29391
-6138
-19668
1914
9900
14784
-17292
20724
-15328
24816
-11918
-4818
-18414
15576
-3894
24090
25014
-20262
22308
7260
8712
-15566
792
-462
-11154
-24816
-1791
-10692
-13728
12672
-33899
18480
-22276
4158
-13002
28182
-15906
-2310
19734
9371
2772
23930
1122
6402
25695
24486
-17244
-10758
7656
12540
-13596
-14850
7854
-27654
5742
-27588
-6072
-6402
-25014
12474
5874
2112
4092
11748
10098
-726
-33427
-18282
3300
15774
-11022
-1744
17952
30624
31482
-28578
-9438
24288
-26532
17226
-27067
-32076
-5214
-4620
8778
18546
-13398
11814
20262
-6972
-28596
20328
-23339
462
1254
6006
-6534
2904
-18942
27588
26664
-20498
25212
-12936
-25608
-1650
17754
-25307
31482
12276
19404
4422
-13068
18018
6798
-7854
-9306
16400
27390
-4893
32802
-13530
26928
-16698
-33240
8184
11286
-12012
29436
25542
23496
-29040
-12342
21252
1254
-22506
-2574
15576
10758
9438
24420
24618
-462
-17226
10988
5412
-28752
7392
66
29502
-16500
-1188
24090
6732
-20262
-30294
-24354
-9174
26334
-33991
-10626
19536
18810
-28268
4685
-25806
-990
-16236
-32915
-26750
24024
23760
-25542
17028
25608
21573
-7392
-13530
319
27786
-8514
-31656
-25344
16566
18876
-16685
-11286
6919
16368
-14784
20724
30162
-31378
28314
23562
-5010
32142
-18810
-23148
13683
23034
-18810
-14964
-18084
24552
-30294
924
-1650
11154
-25124
-6902
-21780
1517
-1056
-12606
5412
-21912
4620
-66
13332
-19602
-19932
9438
-12936
-6798
-462
-29995
-31442
5082
17490
-6468
-18828
-5280
8325
-5054
-11748
-8052
10758
-24288
-21912
-7128
7722
21714
13926
-21819
9372
-22308
-23138
2244
-25993
33528
-29939
26004
-2707
24156
726
6423
-9108
3394
11418
197
17754
24552
23496
-19272
-24486
-18232
-1188
32604
-3366
-14388
-28776
6468
11682
2574
-25115
22110
-11220
30690
-7656
-10758
2970
23232
7854
-17226
-6271
27720
-33504
-23958
9768
-18216
-17358
27984
27456
-15774
-19602
-1452
-14256
-12738
7788
20724
1773
27192
30030
-6468
-14784
-23580
31944
-24007
-23422
11946
-23496
19338
-8316
3102
-30238
-4768
-9636
-19470
-7012
9438
13728
-25451
12936
24618
4818
-21941
21912
11154
10230
-5676
21252
15774
29304
-23575
-2442
26004
-23298
-9108
1358
-18348
-17028
-15972
-9834
-30275
6798
6732
2442
-7326
23864
66
6666
12870
17160
17820
19029
-10428
11880
-462
32802
13332
7128
28908
1188
-32853
20064
-4158
11748
-28761
-18678
7062
10164
-10720
1122
-16963
-4611
14277
-19061
6864
-59577
18942
-20526
24618
23166
-8174
-6072
-5280
-13464
-24816
-4026
19800
22110
-15180
23364
-1980
17094
16104
-17237
-26862
198
13068
25580
-26802
-7326
13992
4554
7854
15642
-3168
9372
7788
-18090
-9042
23958
19140
2640
17622
27786
-8976
-31314
-23826
15576
-2508
-12810
-21978
29700
-7590
-17136
5478
15774
-7524
-25212
27126
24948
-6281
32868
9834
-49809
23892
-2970
23034
13662
-30090
-17106
14652
-13794
-23694
-17952
17094
-7458
-33628
0
9636
28776
-22374
15972
23232
15180
-10494
-22902
-9042
-32538
-6798
-14850
-1518
-34437
-16962
13860
24486
-24811
3762
-7062
-25187
31152
27258
-27390
29040
-12738
27984
-17682
9108
-20856
23232
5214
9834
3432
22440
-26189
-4554
2904
24948
10890
-5861
11088
2046
-15972
24288
-34578
3630
15048
-9909
25476
2706
16934
-16434
-29568
-20405
10824
5742
26334
26136
10626
764
-6336
32142
5874
19536
-16896
28248
-4422
-25455
-27266
-24762
-4224
-16764
13662
21780
9504
18414
20328
2970
-7524
28578
-11616
27984
11220
-23430
-132
17952
26202
12408
-18282
12276
4620
32010
-9636
12474
10956
-6534
-2310
6402
-2376
-7458
-17622
-18689
-25674
-30481
7920
-594
15444
14718
-8317
26070
-13134
-29172
8448
10032
-20394
29304
-32086
25674
7722
-26070
21714
-12606
33792
6261
-6600
-16623
25476
-15246
10522
-20407
28776
15510
24882
12540
-20988
25146
25806
-24954
-17502
-24486
5742
1188
-30918
-1518
-19800
28182
30162
11286
11352
2611
-25806
29502
-26994
-2574
33528
-14652
32274
27324
-6996
20096
7260
1254
-16764
5148
-33330
31812
-3740
24948
25410
-32415
-10994
-12078
28578
-29832
-25146
32538
22572
23298
29766
10296
25542
-6864
22704
-11352
26136
-22176
-19800
-3894
-7722
-31401
-22192
19866
-19349
-5082
-32868
17028
13766
14652
10494
-21648
17754
31944
-23487
-29238
-26004
-330
3234
32868
10692
3828
17490
-7326
528
31020
-9372
11286
-9504
-28883
-24399
17490
19404
27588
3630
-6600
-15246
10692
17358
6996
-25212
-4582
16038
-1980
-27804
-12144
19640
25410
-9014
-19800
11682
-7920
-7920
11814
3960
-8052
10881
26466
-1254
-33265
2574
-15510
-24288
25476
-15180
-18216
-27390
-12342
10428
-15450
-19536
30492
-25787
2508
27852
1584
20922
19800
19866
25080
11352
15180
-9768
-16698
4158
16500
-924
-23735
29172
7920
8778
-15576
21846
10560
15708
-13068
21318
-20856
-11484
23100
-2509
-29182
-17688
-21767
10098
-26275
-15114
16632
12606
21422
-24581
22967
11946
31900
-32086
-13464
-15774
2508
11484
-16302
4158
15048
24486
-5610
8382
-16632
12144
31548
-25278
13992
8448
18612
1282
-10428
858
-11616
-32668
11352
-8250
19404
-17952
-5676
-21664
30492
-9570
24882
9570
-7062
-25476
13068
31284
9570
-13332
54339
-5940
-14454
32868
-21066
-5874
-9042
-17292
-27456
19602
-4620
-924
9504
-27104
15774
-29898
18612
15972
-5610
4092
9702
4686
18282
21933
17226
32274
-2376
-15306
32076
24684
-14304
-2244
-19866
-13926
-6986
-13464
8646
6110
1914
28182
19866
-29502
22660
4290
-14643
3036
-3960
22836
-3234
-28160
-10098
22638
27456
8316
12012
-8910
13662
20196
15020
-33440
3272
-31115
11154
-22308
858
48267
-15048
21120
11814
19338
-2376
-20790
32868
-3894
26268
-14916
31020
-16830
6468
-8514
9174
-7986
28578
-7062
10252
9240
20130
-31009
-5478
17292
24222
16764
20328
31086
32670
25212
31614
-7260
-23618
2640
32868
21846
-8580
13464
8382
27654
30558
-3894
1122
3300
-27669
-14388
-22308
2859
29568
26400
1980
28512
23562
8668
27852
-2046
0
25212
9438
-28853
-18976
-28974
-23634
-13992
-7458
5280
28710
3498
-7062
-16500
-396
-6138
33990
-22902
-2706
-9240
-23473
22704
-14322
30558
-594
13134
-14586
33396
7788
2178
6930
-9042
-16764
19470
-18621
16170
-4884
-22440
-13002
-27431
-12738
-21648
18018
-29832
23364
-19674
-6204
-1980
594
-24948
7788
-26507
18942
-22044
18084
-10334
33594
462
-14152
15510
-792
26598
-9174
-21168
11682
7530
27456
5214
31416
-1980
-4158
21318
14916
27258
25036
14058
-8514
17952
-23471
-16038
26202
-29385
16170
-14982
-32538
-32172
-132
14322
7986
-22215
-19410
-28637
-1518
-18942
18216
-29807
24948
6072
27918
-9966
28248
-28257
5082
-31541
18150
990
29106
-8976
19074
25740
-30360
11550
-13992
31482
6402
-28512
-27918
-30228
-7854
-23892
4752
10230
47871
9504
990
5478
14256
27192
10296
-5940
-962
-22385
6072
17886
-18216
-29898
-10494
-22636
-24684
22308
-28923
32076
-17094
-25410
-15246
28512
24561
-7854
-9306
25514
-27522
-23034
-8976
-24294
-4620
-11957
5808
-19668
31614
-26994
-22782
-16170
9240
-462
6864
-26136
33198
-18518
19832
-29467
1386
-1122
28116
924
396
11286
23496
-15246
-23694
858
15312
10494
12870
4554
25089
-19404
6336
-7788
-8052
19932
-19410
-21912
-5610
-25344
-3580
-7788
-6930
-8646
17791
-10098
4890
18150
24222
-13277
-7062
32868
-2244
-24131
21252
-20499
10362
21780
-10362
7128
18744
33264
-5676
-20064
-19338
-32538
-2619
-1122
24948
3432
-9256
-12738
4047
-14586
30360
1650
2442
6996
14520
-32271
-13662
-18810
21978
-4686
-28370
14784
-25053
23694
27956
27126
24816
2649
-19536
12606
-17679
17886
-16412
-4158
-28638
-24024
4026
-26099
-6996
12380
15576
-6864
20790
-19338
-11946
-2310
14124
-20541
8448
-14388
3036
22506
6864
6270
29106
31680
-12276
-33971
-8448
-16830
19734
15114
17094
30756
28578
28050
4158
16764
-13398
12012
23958
-5940
26070
-16632
-27401
21252
-29832
13134
31416
-7073
-24473
15378
27258
-17073
-18734
26004
-8118
20195
9768
-31343
3168
-6345
-13992
24420
3300
7656
-1452
19800
30822
25080
-17237
25344
23452
-3762
27720
12276
8052
23396
10041
26928
-22968
19338
-12078
18744
18546
-7326
29766
-32371
-25601
13068
27126
-8514
14586
33330
32076
24552
-20130
-1056
1857
12342
-29685
24684
-792
-1386
-6534
19206
-12804
-20460
8250
-8976
16632
-990
-15774
14916
19800
6534
25080
20394
-16962
-23760
9306
-16500
594
-11418
12870
19206
21186
5318
10560
-30888
-2178
-10494
-16434
-17226
13926
-10692
-9042
21516
-17820
17622
4620
-31878
19140
-7458
-15906
-28096
20696
-8118
4818
25542
3300
-2244
7524
7722
-24882
28116
10692
-24486
27192
7326
22242
-6072
-3004
11814
-17490
-26730
20856
9042
12540
26400
-30294
19008
32443
-25542
-18782
-33605
17292
15114
-15972
29898
6204
23958
32868
3564
-16698
2112
-8910
28644
25542
-21242
5742
33198
21054
10626
2508
-23705
-22836
-50865
-15510
-7524
17754
1122
1518
31284
13266
-11748
-13002
-3734
16632
-3300
-8316
-12606
-8184
18303
6666
18018
-18018
8118
-31953
23826
33462
-31787
6732
10494
-11616
-25956
-12540
32868
30030
12738
-9548
-32730
-18651
3234
-24341
9900
-3960
25533
-27258
13926
36783
-2772
14058
3883
23100
17961
-28623
-3762
13530
29040
-24156
19536
-28985
20592
1254
-4686
-5082
5544
3960
-434
858
-24948
28351
-21450
26004
-10422
-28248
0
-30624
1056
29370
-31026
18612
-17094
19404
-24222
-23798
-15170
29568
6864
23298
-18168
1584
24024
26400
17094
23298
-10758
-9967
5610
-12549
-3608
-21866
13926
-18810
-19734
2084
3629
17028
-3828
28842
-27594
-17490
-23898
-20130
-21625
-28512
-8580
-8910
12870
-20016
-8844
13398
11220
-21889
14058
-19338
-5148
-16817
5544
30030
27861
7722
29238
-8765
11022
-25219
4356
-25598
-18216
3036
-21120
19338
-26375
-25344
-26466
21450
-8778
-11022
1122
1452
-4026
-5346
44835
-737
-28974
20328
-858
28974
9636
25278
6534
20856
18546
462
6204
1914
-33375
-22572
-19288
-9438
5742
-21120
20658
15114
-13734
-24040
-4026
-2508
15642
4620
16104
-1848
-14256
6006
13206
-27635
-12210
30756
-16764
248
7326
22044
19866
17160
-2244
-9108
-23166
32010
14388
-21712
-13145
28512
-1386
-22968
-27726
28974
16830
-9372
10692
31218
-34915
23760
15576
24222
15906
21554
22572
1452
-14520
17754
-3036
26268
-9636
-5082
28776
4592
16566
20130
12870
-24410
-1848
4422
-16170
26796
-26466
-14256
27324
-18206
-7062
1935
-26758
-26994
10956
32670
-21780
1452
-11484
15708
-22308
-19206
4158
1056
-25278
-5478
-21258
23034
27456
-10164
-2103
2574
-27362
20592
-23760
21054
-1320
30228
-30558
27456
2772
-18480
20130
8976
-25674
-12144
3432
-15906
20130
9174
3630
7347
9966
-3498
-15048
-17004
-2178
9768
23562
1452
-29779
32736
-1848
29040
-21384
-26570
4884
-5638
-11859
-38589
10428
-5940
17226
25212
858
29172
7326
27390
15531
1914
32604
-198
18380
10098
-1650
5280
-6072
-30034
17754
-23430
-9174
24391
-11022
31020
12144
26136
19008
-12738
-19800
28050
4488
22043
-23776
12936
26796
-8492
26730
32538
-14124
25740
31284
858
6006
11616
-22638
-12474
-19130
-31746
27786
16104
28842
-14982
-10098
6468
-14367
-11616
-20064
13266
-3960
9042
22308
3234
2772
-8691
28182
24656
3366
-28314
-4686
-26532
20064
-6270
462
-12804
2743
-6930
1320
27720
23694
-29166
-22507
10296
1980
-9821
-32181
21450
-26548
30096
-15114
28842
-1584
3168
-27667
12078
-18696
396
-10946
29568
21648
-8646
-25542
15708
-2046
2310
15180
-13096
-7973
6798
-30697
20130
14982
25740
6081
-17358
-6798
-8646
-9174
19536
20130
13398
-15180
28578
15180
22836
-25476
-6336
-27039
-18480
26862
132
11550
1848
-24750
-35948
-23694
29040
-16494
33066
16302
4554
16010
15312
-5742
-18184
-29562
27720
12342
6996
19602
-10164
-7515
-2772
8382
-23364
11418
20724
24156
-8706
9834
-20328
9278
2910
-18678
-18810
-16500
-11550
16698
-11088
-22902
1848
4554
28050
24420
-29513
-4884
-4356
29766
-10032
-17226
25278
22110
1320
34056
-14322
-10428
15576
-9681
-27948
22044
3894
-21648
13266
17754
2695
15708
16104
-15906
19668
12210
3894
-35836
2178
19404
462
-27582
-8525
12474
31152
28512
-7514
-14397
-19206
-10815
15708
-20658
23496
1122
-6402
-18348
11220
8184
-62217
14586
-2244
27258
-26525
-4950
-20856
-17811
-24279
7062
-19998
15774
5016
9768
20856
1386
13728
17424
5280
9174
8646
-19087
22308
24156
-32052
14850
-7524
27654
-24354
10164
-22308
-17754
29238
-26994
-11022
-7326
-19404
-132
-31003
-14558
-19470
-19338
-3960
28644
462
27588
-19074
-13968
18678
10581
-7920
30822
8844
2310
-17820
30294
12540
5676
25711
-30097
-23563
-13530
-10692
-11154
5874
-32393
27324
-13322
20460
14058
-11484
-8844
7194
15312
12628
-25608
6468
24882
-16170
-28660
-8646
-12870
24222
-10692
11550
22704
-3111
30888
15510
3234
-198
14190
-7326
18810
-35264
-32002
-23826
-7524
25740
12738
-25872
31944
2244
26532
7722
22968
6006
11088
-27466
11880
15707
-18612
-16242
20790
10164
-21714
18479
24259
-9504
-17678
26532
15840
-9438
4884
9438
9636
-462
-30624
26928
-3894
-22704
5016
24024
21054
264
15444
-13200
2772
16764
-28857
2310
17754
-28850
-24684
-16698
23430
-4665
26466
-3036
-25278
23364
-17226
4488
23298
-8184
9702
-22242
-14982
-7260
17556
27654
25344
29634
-16858
-13662
66
-14982
-4422
30426
-12192
30294
-20130
31812
11022
-26527
-5512
-20262
-6732
-13332
-30498
-24420
-26552
19668
-18349
22242
-9636
-2640
-30624
-3168
24260
10494
32670
1122
-10890
-25202
13596
27984
-18810
-68025
18084
12012
10362
1452
10698
-2574
12606
-4356
-24992
28050
24816
24618
-34272
9438
23364
-14784
-21648
26994
15312
-26466
26928
-2684
11805
-21120
-16698
17952
-24619
-33840
-12276
-19998
-12342
12210
-9042
-13596
1848
24024
-8250
-23562
9438
-2178
7062
-23318
-21204
-3300
-27984
-4818
-18810
-29242
16368
3828
-10296
16434
7920
2706
21488
-4686
33594
-22638
-23628
26268
-8316
5148
-14586
7986
10626
6336
-6270
-4262
28842
-19116
17490
-1254
13464
4818
11022
-4026
-27588
17820
-9900
-30031
10164
-23032
-18882
-21450
-7590
20234
-16632
-1914
2178
11022
4026
-13266
3630
32736
25938
12408
660
-20931
11637
-4121
10164
9438
11880
27258
23166
8674
4422
6534
22506
19998
-10956
13464
-19800
25146
-22968
31416
16038
-2616
5214
15312
-20862
13992
-35088
13530
-20833
26730
13068
30096
27126
15906
1040
-16973
-32076
-1056
25872
-8118
33198
7722
17688
9570
7260
-20872
2012
21912
8612
-4422
17226
27786
-25806
6798
27720
-19272
-25483
-2904
-24222
20856
3234
19470
13200
-4026
-17820
-11368
10362
5103
-17622
23562
15708
10758
17358
8976
-4026
-24750
26994
-32604
2838
-13332
-519
8382
7260
-528
-7590
8184
13068
3102
-26171
14784
25872
16236
13596
31284
-16566
-19938
-21582
-1584
16236
26070
-23100
-12012
11780
-7722
13002
3366
-25203
-26664
-12276
-16500
-66
-18480
-19272
-17565
11748
-14256
22902
8316
-26389
5874
27918
6402
66
16566
7194
22836
1062
-31810
-22788
14718
-2706
-12210
-24278
-14916
33726
23958
-12606
-11682
-10230
-10362
-16764
2046
22902
6826
-19763
8712
-18031
-9372
28644
-3432
17754
23034
-12540
-29964
14256
29106
-25345
-18150
-4697
20658
5082
-12738
-26862
25014
15510
-13926
-1122
13068
-990
29304
24848
16104
490
-17094
10626
132
27192
24618
-15312
30976
-15708
-42945
9108
-20724
-264
-31822
2376
-4290
16698
11880
-34932
-19668
2970
-3828
-12540
10890
-28550
19734
18084
-24931
26796
19206
-25859
-29343
12078
-1056
-10758
-16896
-14124
-29427
18942
20598
14916
4554
19734
-13586
21120
-25740
-21978
9966
-24264
13068
6430
-2046
-4422
-19536
-13332
-15972
-26202
22242
-6666
-20658
-16632
-31921
18612
-13398
21780
5940
13662
-17358
-924
-4092
-35089
-4818
-13860
29172
-36873
-17688
-13200
-17424
-33387
-22638
25080
-11550
6176
-4554
18150
-25542
5418
4356
-2772
27786
14718
19272
-4092
6798
990
-30213
-6402
-21880
15576
21318
-13662
-3300
-15642
26928
-2442
-6088
22308
19404
27720
-27014
20328
26598
-9702
20658
13926
-14190
14982
-20328
-17282
-26048
15114
-19404
-31607
-2904
-4158
-7854
1650
-12210
20922
-7958
-15174
-22110
3300
15972
15180
-15180
-29808
4158
-2640
-33821
-8448
3036
-3300
-11748
8184
-5742
-2178
12672
-31819
-1848
19338
-18678
30426
11748
-44265
-30180
12643
26994
25344
-13432
30558
-31454
-16632
14454
22242
31944
19932
-34122
-10428
18885
-13398
18018
9174
10196
-16302
-2574
15180
-17239
1848
9108
27427
27456
-27720
8250
-21560
8712
27390
1320
23034
-31416
-14784
-22968
-30809
33396
-13266
-12804
28776
28578
11616
19206
31482
-26136
-11484
-4818
20328
12738
22440
-8316
1782
-26334
-726
-20262
-15576
-5931
19178
-19866
26202
55791
15872
-8580
13926
-29300
-35025
26136
14652
20526
-16170
-13464
18612
-29172
-20328
8712
-18150
3366
26796
-27135
8778
-24354
9372
-5148
-1716
50643
-12078
30558
-29304
-1452
-20262
8316
1452
17028
19536
-6798
-4818
4422
28380
330
-16434
26334
31152
18876
20790
2244
-20196
18414
-28091
26004
-14784
23628
6489
9378
7854
30690
-26145
12908
-24816
9774
-17952
22704
32604
5808
23826
32868
7194
-22779
-16830
18744
-21252
-25872
19140
4950
2508
-9702
-10107
-24986
31086
9372
-23754
-15180
-33505
6930
11418
6600
3498
-26070
-3036
32472
13596
31020
-18282
-32813
21186
11418
16368
-24420
-11682
-2904
-7107
32274
10362
8778
3432
22308
18801
-17226
22374
29898
20988
-9834
-5940
53547
-23988
-25542
-11682
15312
6732
13266
-21978
-15642
-3498
-29456
263
22713
19338
2970
-8952
-23898
-34208
31020
3432
22440
11550
-8976
14190
16302
9306
-13860
5280
-24910
-29412
5874
-18999
-17754
-26862
18612
7458
8646
11587
32076
-5006
26004
-22943
12672
8580
13662
27456
13068
-21054
-3696
-17081
27543
-8448
8703
-11088
-19877
-29980
23694
21252
-1716
-25344
-22968
8316
-29304
-4950
7656
-19140
3300
15897
264
31152
21450
8316
-41625
-2574
-2310
20064
-18678
25872
30954
-16924
-20273
7590
-8844
6864
21714
2838
-16709
-31445
17226
7062
-15048
-26070
-24652
-4884
-4026
-20935
-14455
13398
19470
-21095
-27255
-25938
11550
13596
-5742
18282
-16830
1971
26202
-6798
15642
11550
25344
-17754
-3762
25146
-3102
-19866
-25278
25872
24222
27390
-7128
5157
-9570
13398
22704
-13464
3168
8712
12474
-1914
-28559
-18216
-30408
-16049
-22255
-1452
23298
6930
615
5610
25410
-16038
19404
-1518
21714
-32572
-19960
22308
-13464
12474
15576
11748
2904
-30895
8844
8844
8184
-13464
13964
28248
2133
-19668
-18486
22308
15048
21751
16170
23100
-22638
2640
-17826
6336
31284
-26796
-1386
5808
-21120
21054
29370
9306
10494
12804
17358
-9042
-25543
-15312
-25740
-15521
-9174
1782
-18084
6204
-17028
11088
-32274
14190
-5412
-20394
-26070
23958
14850
-9240
-23166
-20724
11352
-28829
-23034
-17765
27588
-18942
31812
22638
8118
-26664
23817
-9449
-9702
10032
-23166
-26202
-26664
26928
15180
-1980
4356
26400
22440
37707
23628
15774
25740
-8860
-462
32604
-396
-7722
15312
-1980
12078
-3216
-17227
14916
2235
16302
3168
-4488
-10758
12282
7260
9495
32934
5940
-8646
-24684
32604
2112
16764
-14256
9042
27993
-29304
-19338
1782
-12540
-16632
2942
-3564
11814
-18129
-25735
22923
-14982
15774
-4145
-30888
-16638
-11022
9174
-24514
-11418
-31757
27390
-5478
-6336
18414
12276
1650
6204
18744
-18150
-11682
-17556
-581
-20922
-15972
-12384
26268
4818
11946
-30747
19227
21912
-1320
27390
6270
22506
25938
-22836
18678
9306
14190
-13662
-39513
-15180
-14190
16896
-1188
-12672
4818
20856
-8448
-5346
-11088
6600
13596
-20988
27258
-30729
21076
3564
25410
-23628
-24072
27588
3696
-8393
-3960
-21506
-18810
29172
-9702
12804
-18018
8882
-2244
16698
-23562
9966
50775
11616
14124
-33371
30096
-2421
3168
25740
-17772
660
-13332
-1320
-24948
-8571
-7722
10560
22044
21780
396
4092
20328
1122
4488
11286
4941
-28091
-4686
25080
25212
-2310
16830
-33977
20064
20790
-11484
13398
30162
15048
-17622
24552
-11031
-11352
26928
-15988
-14190
-24222
-3630
14388
7392
14388
-18744
-32843
11088
-21327
18678
-29436
-17094
4026
15708
28974
-26928
9261
-10202
10296
-26523
-19998
19470
23232
20460
-9438
19470
27654
15906
-66
22902
-28908
28314
8514
13002
-22562
13992
-463
-594
31482
29766
8844
-21755
-18678
19140
-29475
-12173
-5214
7458
10494
17358
1650
28380
1122
-25080
-12342
-19338
23166
-21714
20526
29106
14982
-20322
-25571
-10626
-28314
-29106
5697
-8778
-5280
-16368
23628
-18348
-21902
13332
4758
-5520
6006
16698
-3630
-28776
2970
1716
-6484
1964
-4620
9429
12606
2706
-10560
19470
3102
-3630
-31933
-29744
20856
29898
27588
-25723
50247
-17358
-11814
16242
27324
22836
1848
-2838
-24816
5610
-34559
26730
-19206
-12078
27258
23298
537
-660
-27192
-12870
20592
17028
10098
-20202
24986
-21054
-5478
29106
15180
-20592
-22449
26004
5610
-21054
-14190
-858
-726
23496
-5544
10560
-11946
15774
-4290
19206
4113
-14729
7392
-2508
-17095
-14190
10296
-18480
-22752
28908
18254
21054
-6468
10230
-26994
-22044
26400
9570
28512
2574
7788
2244
-5824
-10758
26466
594
28644
-5874
2376
27192
-14388
